,quality,alcohol,volatile acidity,sulphates,citric acid,total sulfur dioxide,density,chlorides,fixed acidity,pH,free sulfur dioxide,residual sugar
quality,1.0,0.47616632400113656,-0.390557780264006,0.25139707906925995,0.22637251431804045,-0.1851002889265377,-0.17491922778336458,-0.12890655993005296,0.12405164911322257,-0.05773139120538257,-0.05065605724427594,0.013731637340065779
alcohol,0.47616632400113656,1.0,-0.20228802715325636,0.0935947504104671,0.109903246641567,-0.20565394374367102,-0.4961797702417342,-0.22114054478828285,-0.061668270628151035,0.2056325085054961,-0.06940835356500007,0.04207543720973079
volatile acidity,-0.390557780264006,-0.20228802715325636,1.0,-0.26098668528328917,-0.5524956845595799,0.07647000482092811,0.02202623219523293,0.06129777247646159,-0.2561308947703812,0.23493729440739305,-0.01050382700659221,0.0019178819627909175
sulphates,0.25139707906925995,0.0935947504104671,-0.26098668528328917,1.0,0.3127700438544169,0.04294683623953878,0.1485064117207901,0.37126048128542677,0.18300566393215362,-0.19664760230436984,0.05165757184282859,0.005527121339138446
citric acid,0.22637251431804045,0.109903246641567,-0.5524956845595799,0.3127700438544169,1.0,0.03553302393116163,0.36494717521123443,0.2038229138290422,0.6717034347641064,-0.5419041447395107,-0.06097812919230487,0.14357716157031455
total sulfur dioxide,-0.1851002889265377,-0.20565394374367102,0.07647000482092811,0.04294683623953878,0.03553302393116163,1.0,0.07126947620312808,0.04740046825907547,-0.11318144304548165,-0.06649455901285463,0.667666450481023,0.20302788169710137
density,-0.17491922778336458,-0.4961797702417342,0.02202623219523293,0.1485064117207901,0.36494717521123443,0.07126947620312808,1.0,0.20063232664151961,0.6680472921189573,-0.34169933478501163,-0.021945831163508164,0.35528337098334967
chlorides,-0.12890655993005296,-0.22114054478828285,0.06129777247646159,0.37126048128542677,0.2038229138290422,0.04740046825907547,0.20063232664151961,1.0,0.09370518632130556,-0.2650261311732267,0.005562147004781144,0.05560953520353229
fixed acidity,0.12405164911322257,-0.061668270628151035,-0.2561308947703812,0.18300566393215362,0.6717034347641064,-0.11318144304548165,0.6680472921189573,0.09370518632130556,1.0,-0.6829781945685302,-0.15379419286482468,0.11477672449492153
pH,-0.05773139120538257,0.2056325085054961,0.23493729440739305,-0.19664760230436984,-0.5419041447395107,-0.06649455901285463,-0.34169933478501163,-0.2650261311732267,-0.6829781945685302,1.0,0.0703774985049412,-0.08565242221887187
free sulfur dioxide,-0.05065605724427594,-0.06940835356500007,-0.01050382700659221,0.05165757184282859,-0.06097812919230487,0.667666450481023,-0.021945831163508164,0.005562147004781144,-0.15379419286482468,0.0703774985049412,1.0,0.18704899510428707
residual sugar,0.013731637340065779,0.04207543720973079,0.0019178819627909175,0.005527121339138446,0.14357716157031455,0.20302788169710137,0.35528337098334967,0.05560953520353229,0.11477672449492153,-0.08565242221887187,0.18704899510428707,1.0
